48.25295285
0.44417598
78.85333126
51.21458495
66.56262377
0.28095868
3.46182017
55.99361053
70.03420762
82.17355252
33.84224230
80.89065014
44.11505009
19.61453128
99.12124029
83.02874034
80.28709570
10.17376796
77.76390750
88.88586169
60.79990228
55.11363233
42.18483295
54.88168915
78.70836593
53.14066766
3.16688620
98.74551595
7.86229468
85.15600960
31.91169862
91.71572974
17.94119405
97.33126413
86.80798618
12.85580714
96.63955816
84.56543468
88.06202091
74.75955487
25.06715575
69.03799951
79.12891299
34.61931614
13.34025614
10.05819933
75.76362114
61.88607995
48.34588299
24.49604151
41.46210776
24.00919004
33.68045993
51.71598859
53.98358079
48.36219215
55.09301703
18.15653610
18.35875429
17.15416921
5.49094590
72.54106752
99.25517386
40.93818462
99.04432299
82.95258306
4.20842132
91.25171864
82.46385309
12.19435139
54.64371474
28.05417939
98.22911467
45.71320154
22.33601398
83.42829756
30.49753538
79.48629496
33.25557302
48.52306763
27.79722288
95.96521649
69.28825450
98.60908059
60.02631533
27.57439227
17.25103289
0.69477643
63.67159577
88.92953618
35.89417492
50.92979421
22.41094051
21.87884977
15.51961973
90.29545385
42.71696871
78.62891807
87.14409774
77.48794198
10.53374065
0.09100819
62.96578377
55.92134789
49.83219526
12.36673058
48.55206645
31.62400523
50.06392227
29.23472523
51.48645049
1.16863485
87.34113069
97.74771235
35.10584300
24.22032324
40.39685449
25.44894672
3.42801526
77.82787835
86.95582108
55.80314622
23.90715635
84.30618507
54.32101041
48.38508854
83.86171097
50.13144538
19.50691802
49.29562922
27.31327412
75.57226094
55.30882798
54.48438046
5.60512296
81.33845212
67.66961335
48.90590487
21.30599690
64.21822085
97.19904096
50.63747301
13.35157756
36.33750467
16.52832878
99.04639393
53.54860474
46.62490579
78.88220587
75.05611649
77.47164863
66.14206239
91.31210888
51.15622378
47.18565220
70.58264113
40.65845441
92.90725624
49.99309639
92.44382501
58.97003044
66.22015578
85.80833398
65.94906254
35.61484177
33.50136919
94.93714929
50.64663482
20.07272485
64.40263453
18.48662663
53.07247915
18.99304964
24.34100189
42.39281814
58.44513427
3.77473792
74.06670075
79.56601515
59.70873202
67.71859722
20.13039615
88.43702138
93.79301999
63.09882868
2.53916217
49.02174137
98.28993482
64.21648427
37.66985182
33.10655140
93.82807803
63.63985505
87.71295827
93.81724915
79.53112754
64.28491694
60.74952846
69.99478841
45.75001804
31.66221275
32.93081108
38.86278000
26.84667548
71.73823086
62.57231786
13.80788624
76.84374800
0.32691366
23.93583860
39.72962276
16.98664877
9.65435636
16.65686570
27.05062093
7.21082052
21.76287973
25.16276795
2.20988449
79.79938486
11.47290629
30.98932407
96.28831520
70.82987296
57.29809021
1.69313926
75.30987486
88.40073227
95.26408145
4.87872112
54.72622254
69.16019950
36.27268949
91.99472757
25.29676171
81.53866620
21.01023465
27.15614993
2.12324384
15.24918352
56.85037787
46.04706757
43.83011666
30.25749816
10.83575134
9.77601685
20.62091652
51.14212333
24.82299682
93.50018745
11.96421905
19.88427384
51.63954380
13.34044777
12.12499489
5.60927975
59.52429929
37.37314116
17.92260585
44.44874618
86.80063290
81.62217282
1.63842368
71.87054237
77.89270451
57.91833547
5.53374295
93.45980602
37.02411563
76.81627558
14.64747114
2.27301952
51.66866487
31.43427289
60.62968533
54.33031733
17.54735865
80.59479254
12.89337820
66.32176599
61.06650365
45.08411193
87.48065363
4.16454762
53.20909953
81.76157432
2.38792704
45.91712138
36.27100993
36.77434473
77.65572258
71.87288055
61.98090195
91.46515718
27.23204055
97.93712498
39.07265172
9.07113375
29.34512926
11.73401528
71.90054998
0.26718299
8.14610914
97.03071208
85.95253724
19.22498539
19.32735582
70.38176961
93.23114061
8.07984733
72.83963310
75.28667287
49.18183354
24.74123947
55.83944389
27.61576809
83.97456552
75.38185433
84.96909478
74.07512854
99.35394935
65.59266415
85.52062039
62.44024307
55.34345130
38.86256423
54.75529618
95.68203151
36.00328616
25.34801802
95.61061620
10.89632486
20.80748777
59.53484223
54.26811637
48.03900906
77.84319074
60.38285692
46.21643014
74.38989513
88.07869423
51.22181291
35.75672742
42.17437311
75.36386251
94.53424941
48.93695995
68.90742836
46.80161571
96.66212207
39.52872577
12.40403858
6.84783296
71.37801751
78.37132659
69.28446755
34.21191631
40.21964056
53.90993570
49.72037822
67.43407725
42.23993640
38.11826075
16.81170139
88.12389760
37.80991319
21.98573933
52.91874660
93.79845424
22.86695906
96.80393557
28.04807488
29.71891137
22.61002162
93.46510529
13.03287980
78.80376524
73.13129270
6.44264971
25.35969219
89.42961095
80.41713111
6.64786658
92.25775718
66.18041134
77.78790571
11.32629929
63.60967566
94.08310916
90.86354845
67.03657687
26.17414522
15.10504824
52.93416290
56.61053740
28.72731921
17.54012351
8.07072620
64.87056308
60.78615715
39.59248553
2.19041190
46.74483477
66.04559902
63.08519759
52.88788632
80.63080383
8.87185174
33.94172217
76.83395978
92.06144096
56.78816165
91.80999418
96.34389912
35.73206394
37.93476805
76.64391055
44.23302619
3.02940143
21.84523283
17.72436358
13.78911341
98.23778236
92.26669686
6.83695180
67.57050917
66.96231434
72.62608316
13.07613998
3.49007605
34.02388047
47.90401563
45.55204953
78.19129456
50.64932064
55.74182255
56.16822990
94.34686198
38.84263945
45.67758743
11.35105537
85.71166983
68.56660985
71.64067072
17.39425900
77.22596206
2.17469624
8.93573444
52.88594897
5.30058719
92.66537242
38.20768475
92.84139282
66.74500910
33.56432823
78.85399696
85.38790112
39.59558170
70.73521430
69.75599117
46.92638745
47.68425082
2.18987257
24.78387105
44.08165339
37.24838859
99.32165928
8.93780231
59.76532092
72.12019049
97.40407739
32.12135806
83.27404858
19.42714449
50.27212004
55.58158723
18.60154793
57.53716573
83.92361767
84.55487820
54.87459446
20.02194208
72.87332411
20.52452424
94.09037738
11.99198455
39.37784966
84.01330247
27.80086564
66.35221923
83.38865285
64.37773602
41.53256884
2.13420212
26.01584532
76.84417164
9.60256902
55.83299630
40.84094173
1.50333933
14.12692059
64.96924316
42.37333592
21.09980878
2.06224866
96.26735619
57.72343404
62.92218839
44.72365941
69.34982607
73.72694511
46.34512070
47.37193504
25.54832179
66.42666746
47.22131791
56.98335788
82.78088371
38.02186983
64.88222532
61.11405203
17.49475221
20.69547200
18.64506200
81.16052982
68.53434936
68.92529479
31.81768681
90.21583079
19.74547701
97.14834215
88.60400905
60.30681520
37.84600342
53.94860661
9.92593857
95.16785623
80.15862471
83.95487294
12.07185606
18.12767988
61.45143734
94.88928077
88.72819212
31.18178485
34.90331142
91.53890193
86.82266363
72.25622086
43.61589722
41.97879853
50.95032686
35.94937424
86.03328613
3.91878990
73.21865373
77.43028536
70.56100756
69.24911903
44.12537852
96.52087697
54.41594047
66.00784096
53.44438824
39.94815555
97.40242157
57.87674594
55.37519615
33.65864929
96.62175576
1.45419864
2.41779324
42.67408782
42.49508917
69.49087641
40.63878059
11.44901225
30.64444047
60.12072625
59.12629587
20.64657455
2.42071271
4.33907274
40.67376966
64.42237814
17.28888606
24.77019603
41.04287718
18.34020841
24.35300510
13.62658732
26.96042266
9.73430806
39.29685435
44.91328461
89.05899061
27.46792461
21.60972754
94.24746694
28.51258253
37.08365370
36.00916891
33.53135578
32.96636991
99.23721315
30.29158416
84.13308078
43.80829148
14.42619557
89.61347503
77.12571243
32.13532202
48.71009031
72.79510062
79.07932010
25.72746511
78.96349997
12.02800133
39.71426400
15.15423804
34.10574781
40.46263640
46.78395239
79.27535168
3.98172271
17.82798278
84.42262047
52.16134240
38.60064576
93.75830496
25.00329799
36.01805519
33.21296432
9.43625647
32.85225470
15.51744880
17.47502091
71.05292475
25.70037225
9.98086583
41.39563819
72.34685978
32.82186317
88.51122287
54.01800480
26.20091049
78.75258996
86.18155171
17.56833735
4.66955675
63.96267872
43.60096455
20.02722344
80.51843385
13.87428844
89.37157852
69.78221180
16.70293644
34.71095891
71.90012233
59.47547405
39.05440854
4.40073143
3.76168399
62.03429907
92.47576928
86.40630439
81.54987990
59.54255088
0.02928808
2.15856527
98.67173570
41.33349798
4.77104829
30.58582667
48.12019008
31.36511522
9.29587331
29.56345881
44.46464656
2.38335214
16.70686917
83.62973891
78.39801906
6.31896105
28.36609187
19.68873355
4.77578659
13.23648219
6.12676514
39.44317680
83.96129138
12.74550685
44.76106886
66.77585898
82.64635390
7.48133391
50.95584003
78.24302786
15.38755523
92.01032090
70.50215395
10.48254894
26.03682362
15.37493595
2.84253908
88.76449170
14.89535470
61.51070976
37.30166544
33.84964420
18.39220371
29.31212939
15.49469470
80.95767751
76.93696977
44.47792967
23.90597667
83.49397748
39.14854780
41.86350532
39.05613198
70.00211989
58.70712326
70.54797340
25.63568763
88.35888032
89.82405952
15.97550103
48.21598834
39.26806361
81.13530315
37.57574057
78.51063705
38.31312992
2.07846889
63.99708768
29.29402257
88.90389945
59.14119768
84.94256198
65.62047856
34.93298870
93.54104012
91.18924133
51.19403086
3.82256581
5.20879329
47.34113772
77.38187646
96.63596202
89.21631108
58.38387417
26.78339212
85.26418983
87.30895421
38.33098729
83.12032299
48.79424219
15.57681935
92.48085598
88.18254562
81.95677955
2.83098252
32.32622986
21.98220727
14.28251623
66.25269323
21.32104949
19.97641941
13.84285758
15.35307540
96.00284249
97.74134274
60.97240836
26.44953185
91.32616230
81.92741892
80.04388134
15.09589162
70.31122803
43.54429230
43.27699155
99.67858750
9.53704789
77.98821947
55.06929319
54.49791154
59.77295127
56.34751075
34.79809177
12.82061065
74.71101755
36.67475354
14.78077009
75.23329355
18.28977750
64.35978003
30.88220538
58.60507639
47.85119654
63.91614959
45.06403532
10.00854124
18.97240350
35.33375957
68.44651369
62.37999416
63.42739838
16.70047010
22.70767183
26.58893040
76.34056965
33.03567675
23.78960908
31.52376199
1.54955261
59.06975363
8.69674573
94.63979679
84.37019774
4.43074515
59.05046968
29.61381061
75.68270760
23.50559313
65.80298914
38.64124681
59.85184745
40.66554026
74.78129938
54.59153895
48.24041082
98.09834521
6.34002458
93.10094903
16.27563189
59.47593051
42.46645759
73.05940852
81.59503033
63.19343406
14.48640822
47.03730660
75.92474058
28.27960988
48.75279043
0.06709963
19.03975692
48.17409303
43.82759766
56.11087412
33.96144395
38.09820929
13.51387887
75.77340535
63.75214676
96.16019437
60.73951462
31.76800169
68.42095603
35.10904815
51.09193983
68.86752533
88.56946011
99.70959949
61.15656165
76.95954606
75.49670221
71.56492926
51.20218153
60.38181273
44.19136278
37.99175098
2.42351321
1.03766532
72.17249177
69.47115484
79.71601706
71.50321960
67.92739381
42.00368238
6.33520841
70.06954243
18.07640048
88.42993469
8.62966643
26.06547413
75.17252933
99.97232931
58.36918282
20.73896821
74.11141151
91.03118287
38.24243250
45.10549092
57.40758163
52.44610636
58.99604210
75.52300604
50.79402652
8.55647930
14.44164568
53.60406462
97.42622976
60.54741205
47.96953556
85.84031902
58.38508060
87.58505703
98.50832271
36.90078285
8.61212667
63.78074115
3.32793486
60.98280811
62.09320733
27.57434420
15.10644733
78.53036067
26.75741265
87.34950360
49.07597041
60.95657252
55.51905568
79.95033020
91.96706168
18.88646344
3.98781558
84.88082315
99.08379512
14.95776477
91.00395164
23.77745417
59.10425289
10.56937791
32.15450264
84.52136051
64.66626999
67.25300830
74.59211119
51.68556635
24.25141209
35.86523085
54.74368283
17.35656038
33.00680532
23.60624653
28.31136797
39.52777323
96.04383053
61.28091250
31.31540545
95.41160201
91.62193453
71.39247827
69.17171473
98.47009838
70.11167001
64.47917682
25.36454782
84.13163616
59.05312661
15.28899562
69.88330400
7.75735321
78.01029903
45.27489874
70.28693908
83.25663453
29.45937302
37.97532492
51.39696250
80.75750647
30.51440921
37.05569284
37.66646107
88.93909070
33.10154853
36.97550831
90.45047797
6.28374201
95.81133900
18.98138467
45.69250434
86.89450773
87.16112172
60.43917705
53.85067071
54.39606469
37.06659379
94.92156273
14.61876544
8.40986799
59.05517025
98.26605534
58.23384428
37.24672750
85.45489175
76.03087317
