9994547
9994108
10003637
10002343
9991099
9999274
10008286
10000293
9999075
10004743
10003721
9994258
9997696
10001070
9995593
10001786
9999289
9992706
10002291
10005939
10000558
9999560
10000940
9999576
9993953
9999723
10003716
10002442
10002948
10000553
10005006
10002045
9999544
9998084
9994563
9997770
9998528
9998665
10004348
9998831
9996545
9999495
10000180
9998849
10002814
9995601
10007671
10004282
9997354
9999267
9998351
9995820
10000993
10001237
9995740
9999017
10001105
10002754
9993360
10001744
9997499
10005105
10001397
9999272
10004433
9998339
9994797
10001827
9997607
9995246
9993636
10002134
10002080
9996927
10000466
10000139
10003081
10004079
10001658
10000215
10003125
9999980
10001539
10002475
10001886
9999813
9999666
10001926
9999147
10001584
10000762
9996272
9996323
9999510
10004858
10000914
9997583
10005185
9995926
10006303
