1001662
999366
998174
1000022
1000634
997854
998961
1001665
998020
998189
999543
999904
1001072
1000387
997682
999345
998383
1000169
998821
998802
1000967
1001819
999559
1000379
1001364
1000262
1000973
999460
1000861
997993
1000666
999140
998527
1000391
998387
1000625
1000576
1001189
1002521
1000321
999297
998779
999442
999074
998706
998094
998676
999403
999384
1000244
999680
1000897
1000700
999405
1000399
998642
998903
1000558
1000496
999594
1000247
999757
1001698
1001304
1001032
999771
1000861
1000336
1001979
1001301
999513
999112
999374
1000378
999928
999919
1001798
1000163
1000078
1000030
999250
1000099
999853
1001409
999522
1000876
1000651
1000123
998996
998296
1000667
1001806
1000374
999654
1000800
1000254
1000875
1000335
999017
1000961
999797
999010
1001296
1001911
1000016
1000836
999732
1000756
999855
1000512
998291
999979
999083
998373
1000449
1000274
999337
1002144
998826
997502
998969
999495
999410
999054
1000358
1001081
998892
1000104
999738
1000595
1001449
1000702
999816
999343
1002448
999937
999638
999160
1000376
998201
1000264
1000994
998938
999862
1000201
998528
999937
998012
998241
1000616
1000294
1000771
1000653
1000470
999728
1000431
999401
998824
1000558
1000656
999858
1000792
999661
1000286
999758
1000272
999572
999990
999382
999718
999035
1000327
997159
999867
1000098
998324
999204
998820
999782
1000090
999377
999583
999847
998504
1001199
1000354
1001337
999626
999426
1003038
1000519
1000155
1000544
999943
1000479
999625
1000393
1000841
1000983
1002457
1000711
999640
999453
999697
998942
999920
1000015
1000321
999904
1001955
998029
999140
998926
999994
1000654
1000039
1000477
1000508
1000774
1001019
1000898
999851
1000295
1001293
1000668
1000042
999672
999036
999526
999659
1001188
999586
997857
1000054
998403
1000309
1000788
1001283
1000937
999171
999223
999657
998526
1000156
999644
997990
998977
1001024
999266
999490
998991
1000010
1001141
998802
999623
1000722
1001058
1000140
1000030
999206
999443
1002072
1000592
998208
998482
1000070
1000896
999939
1002646
1001368
998807
1000457
999187
999719
999590
1001417
1000546
1001349
1000697
1000673
1000183
999733
1001132
1000767
998830
1001410
1000202
999025
1000893
1000773
1001052
998837
998310
1001440
999575
1000785
1000231
998746
1001024
1000553
1000630
1000601
999872
1000708
999580
1001171
1000408
1000025
1001651
1000360
999453
999927
999935
1000669
999312
1000268
1000897
999487
1000174
1001923
1000004
999176
999361
999522
1000617
999401
1000117
999175
1001500
1000671
998870
1000941
999033
999892
999468
999925
1002441
999103
998414
999997
999999
999180
1000348
997676
1000140
998185
999741
999197
1000495
999602
998958
999751
999140
1000257
997746
1000877
1000392
1002483
999572
998594
999406
999627
999861
998660
1000665
999776
1000630
998676
1001734
999493
1001943
1000701
999294
1000007
997672
999847
997549
999341
1000630
1001681
999281
1001282
1000833
999561
1001590
999148
999840
1000649
1001582
1000582
1000234
999926
1000105
999281
1000390
1000715
1000280
999075
1000295
998530
999007
998878
998871
1000203
1000730
996785
999765
1001874
1000707
999725
999120
1000827
998722
999359
999356
1000734
998390
1002199
1000586
1000202
998741
1001330
999266
998985
999139
1000833
1001458
1000068
998923
1001437
998324
1000117
998926
1000350
1000405
1001690
999979
999347
999901
999810
999209
1000396
1000203
1001710
1000515
1000071
999843
999885
999787
1001195
999731
1001105
999298
1000727
998918
999764
999821
998562
998308
999367
1000404
1001378
1001216
999910
1002037
999440
1001357
1000863
1001094
999972
998516
1000216
1002062
1000990
1001684
999488
1001236
1001235
999433
999422
1000481
997508
1000223
1000692
998658
998508
1000634
1000658
999444
1000548
1000210
999236
998031
1000510
1000588
999687
999450
999994
1000611
1000950
999291
1001333
1001431
999942
999947
999899
998242
998460
1000109
999697
999982
999551
999128
999642
1000343
999869
998743
998597
1000296
999669
1000302
1001077
999826
1001034
999454
999967
1000068
999389
1001042
998834
1000904
999940
999832
1000005
999013
1000402
999213
1000379
1001873
999676
1000282
999393
999034
999845
997983
1000074
1000038
998400
999566
1001125
997878
999413
999119
1000961
1000319
999259
1001068
999600
1000240
1001160
1000498
999245
1001127
1000382
999089
999227
999877
1000029
1000718
1000913
999801
999142
999542
1001854
999295
1000051
999789
1001709
1000996
1000575
997635
999897
1000558
999899
998759
1000736
1000448
999162
997743
998523
999658
1002260
1000184
999313
999350
1001165
998797
999448
1001603
999966
999891
999505
999777
999836
998750
1000088
999314
1001209
999421
999708
1001937
1000551
1000538
999851
1001040
1000132
999763
1000785
998985
1001523
1000556
999592
1000426
999155
999877
1000603
1000221
1000271
999616
1001080
1000785
999624
1000235
999792
1000086
998867
1000704
998554
1000528
1000097
1000135
1001319
998417
999059
1001281
1001215
1000411
999696
999949
1002951
998388
999413
999616
999900
1001064
998564
998695
1001721
1000030
1000948
1001861
999404
999803
998745
1000511
999566
999369
997917
998415
999206
1002017
999768
998793
999411
999549
999443
1001063
1000515
1000384
1000884
1000471
998810
1000179
1000304
999654
999104
999707
999506
999113
1000759
999703
999923
999448
998305
999661
998701
999796
999346
1001217
999146
999433
999029
999614
999334
999541
999264
1000454
999811
998597
998559
1001453
1001225
1000583
999027
999821
999181
1001585
1000158
999768
999333
999685
1001170
999630
998794
1002746
999496
1000225
999782
999813
1000739
999204
998963
999889
999675
999034
998762
997553
1000701
1001301
1001845
999876
1000461
1000120
1000670
999454
998224
999671
1001073
1001629
999288
1000053
999965
1000228
1001547
998701
998981
1000812
999395
999509
1000948
1000169
1000697
999329
1000069
1000402
1000449
1001399
1000918
999567
1000082
1001723
1001353
999729
1000455
999175
999221
1000655
1000439
1000980
1000349
1001972
999254
1000021
1000694
1000231
1000925
1000856
999831
999738
998136
1000780
999791
998939
1000609
1000063
1001098
999126
1000252
999248
1000309
1000994
1001336
1001007
1001275
1001044
1000550
998089
1000089
1000611
998130
999348
1000713
1000418
999569
998568
1000314
1000254
999853
1001687
999256
999296
1000815
999785
1000516
999038
1001096
1000391
1001073
999020
1000509
1002347
1000146
999957
999249
998909
999980
1001432
1000770
999255
1000430
1000291
1000689
1000528
1000880
999986
999234
999692
999475
1001560
999551
998642
999058
1000084
1001200
999712
998485
999565
998768
1002713
1001586
999080
998525
998624
999540
999565
1001656
999389
1001842
1000943
1000502
1000776
1000457
999695
1000057
999801
1001980
1000543
1000220
999809
998588
998449
1000041
1000912
999428
999293
1000669
999558
999447
1000142
1001208
1001252
998268
1000482
998851
998521
1001371
1001045
1001288
1000058
1000448
1000554
999445
999319
1000851
1000636
1000473
997934
1000612
999632
1001306
999869
999677
997537
1001288
1000135
998860
999613
1000242
998668
1000383
999125
1000311
999418
1000136
1000205
999493
999649
999852
998299
999835
999713
1000393
1000909
1001156
1001029
1000559
1000190
998700
997882
998979
1000182
999864
999457
1003373
1001133
999573
998390
1000235
1000582
1002069
1000625
1000171
1000639
1001346
999625
1000944
999383
999019
999535
999627
1000187
998046
999373
999364
999731
999636
999807
1000636
999736
1001067
999196
1002097
1000591
1001341
1002351
999363
999230
1002179
999424
999413
998237
1000785
998427
999905
999269
999268
999445
1000359
1000606
999625
999688
999092
1001657
1000569
1000163
1000875
1001462
1000117
1002205
1000475
